SN1073:641:H735LBCXY:1:2112:7300:50085	MCTs10_cazy_0492_gene_22238	100.000000	96	0	0	1	96	449	545	0	553	L1_CAZyme;L2_Enzyme_Classes;L3_GlycosideHydrolases;L4_GH130
SN1073:641:H735LBCXY:2:1111:1696:30234	MCTs10_cazy_0200_gene_14237	97.916672	96	2	0	1	96	138	234	2	449	L1_CAZyme;L2_Enzyme_Classes;L3_GlycosideHydrolases;L4_GH36
