SN1073:641:H735LBCXY:2:1110:16464:27116	MCTs15_cazy_0773_gene_5838	100.000000	95	0	0	1	95	283	378	0	95	L1_CAZyme;L2_Enzyme_Classes;L3_GlycosideHydrolases;L4_GH29
SN1073:641:H735LBCXY:2:1108:14389:81078	MCTs15_cazy_0708_gene_475	100.000000	96	0	0	1	96	169	265	0	362	L1_CAZyme;L2_Associated_Modules;L3_Carbohydrate-BindingModules;L4_CBM67
SN1073:641:H735LBCXY:1:2111:6411:98185	MCTs15_cazy_0119_gene_12342	100.000000	95	0	0	1	95	737	832	0	538	L1_CAZyme;L2_Enzyme_Classes;L3_GlycosideHydrolases;L4_GH43
SN1073:641:H735LBCXY:2:1206:5768:22680	MCTs15_cazy_0922_gene_9127	100.000000	86	0	0	1	86	283	369	0	134	L1_CAZyme;L2_Enzyme_Classes;L3_GlycosideHydrolases;L4_GH3
