SN1073:641:H735LBCXY:1:1107:15789:8633	MCTs01_cazy_0693_gene_2747	100.000000	96	0	0	1	96	594	690	0	244	L1_CAZyme;L2_Enzyme_Classes;L3_GlycosideHydrolases;L4_GH20
SN1073:641:H735LBCXY:2:2216:6666:16232	MCTs01_cazy_0570_gene_23810	100.000000	96	0	0	1	96	318	414	0	349	L1_CAZyme;L2_Enzyme_Classes;L3_GlycosideHydrolases;L4_GH127
SN1073:641:H735LBCXY:2:1201:16514:44011	MCTs01_cazy_0336_gene_16728	98.888885	90	1	0	1	90	44	134	1	139	L1_CAZyme;L2_Enzyme_Classes;L3_GlycosylTransferases;L4_GT4
SN1073:641:H735LBCXY:1:1211:16801:85274	MCTs01_cazy_0322_gene_16374	97.849464	93	2	0	1	93	167	260	2	70	L1_CAZyme;L2_Enzyme_Classes;L3_CarbohydrateEsterases;L4_CE6
