SN1073:641:H735LBCXY:1:1106:6687:61152	MCTs09_cazy_1521_gene_7976	100.000000	96	0	0	1	96	327	423	0	244	L1_CAZyme;L2_Enzyme_Classes;L3_GlycosylTransferases;L4_GT2
SN1073:641:H735LBCXY:2:2110:13871:24389	MCTs09_cazy_0666_gene_1977	100.000000	89	0	0	1	89	108	197	0	234	L1_CAZyme;L2_Enzyme_Classes;L3_GlycosideHydrolases;L4_GH77
SN1073:641:H735LBCXY:2:2107:8617:3426	MCTs09_cazy_1564_gene_853	100.000000	96	0	0	1	96	1920	2016	0	27	L1_CAZyme;L2_Enzyme_Classes;L3_GlycosideHydrolases;L4_GH2
