SN1073:641:H735LBCXY:1:2205:6052:2765	MCTs06_cazy_0039_gene_1683	100.000000	96	0	0	1	96	317	413	0	1112	L1_CAZyme;L2_Enzyme_Classes;L3_CarbohydrateEsterases;L4_CE10
SN1073:641:H735LBCXY:2:2208:9693:5728	MCTs06_cazy_0076_gene_2161	100.000000	92	0	0	1	92	1812	1904	0	48	L1_CAZyme;L2_Enzyme_Classes;L3_GlycosideHydrolases;L4_GH2
SN1073:641:H735LBCXY:2:1106:15751:44705	MCTs06_cazy_0171_gene_4199	100.000000	96	0	0	1	96	168	264	0	174	L1_CAZyme;L2_Enzyme_Classes;L3_PolysaccharideLyases;L4_PL9
SN1073:641:H735LBCXY:2:2105:21002:94389	MCTs06_cazy_0255_gene_6188	100.000000	96	0	0	1	96	233	329	0	116	L1_CAZyme;L2_Enzyme_Classes;L3_GlycosideHydrolases;L4_GH92
